0 0.539353 0.000216 0.548523 0.000001 0.550100 0.034530 0.540930 0.034946
0 0.445805 0.014630 0.453331 0.013221 0.459429 0.045810 0.451904 0.047218
0 0.486116 0.009118 0.494167 0.009751 0.492136 0.035560 0.484085 0.034926
0 0.493963 0.009382 0.502267 0.010036 0.500168 0.036711 0.491864 0.036058
0 0.010472 0.173327 0.002926 0.174213 0.000270 0.151605 0.007816 0.150718
0 0.018370 0.167902 0.010243 0.168857 0.007587 0.146248 0.015714 0.145294
0 0.016048 0.070228 0.020893 0.062259 0.043064 0.075739 0.038219 0.083708
0 0.049597 0.055425 0.058816 0.054014 0.064280 0.089722 0.055061 0.091132
0 0.058775 0.055094 0.066305 0.053942 0.071615 0.088646 0.064086 0.089798
0 0.065842 0.053451 0.071828 0.052769 0.074735 0.078278 0.068748 0.078960
0 0.072187 0.053328 0.082720 0.052628 0.085030 0.087405 0.074497 0.088104
0 0.091697 0.172924 0.082685 0.170526 0.091848 0.136090 0.100860 0.138488
0 0.223490 0.070113 0.216091 0.068144 0.223444 0.040512 0.230842 0.042481
0 0.229277 0.071780 0.223502 0.070243 0.231035 0.041931 0.236811 0.043468
0 0.343110 0.027294 0.353058 0.026773 0.354741 0.058897 0.344794 0.059418
0 0.327898 0.033483 0.335031 0.031261 0.344905 0.062962 0.337772 0.065184
0 0.321365 0.036642 0.328012 0.034572 0.337532 0.065135 0.330884 0.067206
0 0.311514 0.037218 0.320530 0.034409 0.330840 0.067509 0.321823 0.070317
0 0.572728 0.000005 0.581451 0.000001 0.588600 0.029487 0.579877 0.031469
0 0.591548 0.000001 0.599795 0.000001 0.606323 0.025367 0.598076 0.027241
0 0.600865 0.000510 0.607484 0.000001 0.613090 0.023680 0.606471 0.025184
0 0.613995 0.000001 0.619443 0.000001 0.624579 0.019806 0.619132 0.021044
0 0.607863 0.000001 0.613910 0.000001 0.619256 0.021455 0.613209 0.022828
0 0.581874 0.000001 0.591007 0.000001 0.598058 0.027219 0.588925 0.029294
0 0.434286 0.024188 0.443203 0.022871 0.446505 0.045226 0.437588 0.046543
0 0.453328 0.013231 0.462294 0.011553 0.468391 0.044132 0.459425 0.045810
0 0.462514 0.011499 0.472276 0.009672 0.478375 0.042261 0.468613 0.044088
0 0.052548 0.173846 0.041346 0.174492 0.039219 0.137609 0.050422 0.136964
0 0.076384 0.054674 0.085456 0.049180 0.102893 0.077973 0.093822 0.083467
0 0.235675 0.070010 0.230023 0.068506 0.235838 0.046650 0.241491 0.048154
0 0.122567 0.170406 0.115574 0.168545 0.122404 0.142876 0.129397 0.144736
0 0.100231 0.166823 0.093502 0.165032 0.101869 0.133587 0.108598 0.135378
0 0.107799 0.166624 0.100806 0.164763 0.109321 0.132761 0.116314 0.134622
0 0.411456 0.033141 0.419185 0.035802 0.410565 0.060834 0.402837 0.058173
0 0.420487 0.031340 0.428475 0.034090 0.419483 0.060203 0.411496 0.057453
0 0.380877 0.038072 0.391031 0.036572 0.394426 0.059565 0.384272 0.061064
0 0.502221 0.010968 0.510525 0.011622 0.508726 0.034481 0.500422 0.033827
0 0.524718 0.000001 0.533499 0.000404 0.530536 0.038051 0.521755 0.037360
0 0.533393 0.000001 0.542788 0.000001 0.539605 0.039311 0.530210 0.038572
0 0.546113 0.000001 0.554690 0.000001 0.559297 0.031970 0.550720 0.033114
0 0.555124 0.000508 0.565559 0.000001 0.569876 0.031475 0.559441 0.032867
0 0.620015 0.000728 0.625539 0.000001 0.629946 0.018871 0.624422 0.020126
0 0.625731 0.000499 0.632559 0.000001 0.636681 0.017089 0.629853 0.018640
0 0.633233 0.000001 0.638814 0.000001 0.642568 0.015113 0.636987 0.016380